2.2314	0.1973	3.7654	3.8782	2.0012	3.0466	2.6863	0.6346
1.7132	1.1536	4.5472	4.0007	1.8177	4.6998	0.0858	4.6510
3.4167	3.7820	2.6729	2.5053	2.8318	0.0609	3.4968	2.9132
0.2667	0.6264	1.6899	4.5112	1.4077	0.1972	2.0804	3.6391
0.3945	0.8458	2.5173	2.3957	3.8924	0.2036	3.0302	0.6056
1.3571	2.5775	4.6063	3.1748	2.2772	4.6921	2.8258	0.6939
3.4741	0.4987	3.1992	1.3059	0.5595	1.6960	4.2191	0.8262
2.3224	0.9090	0.3374	3.7301	1.1062	2.4178	2.3692	1.5007
3.2636	4.8865	3.8964	2.1560	0.0901	1.9266	2.7617	1.4472
4.5041	2.3680	4.6220	1.7813	2.0601	2.4478	2.4752	0.5342
2.9465	0.6744	1.8400	3.5060	2.3704	1.0591	4.3322	4.6928
1.9681	4.6696	3.4229	3.0743	2.0873	0.7920	4.5750	0.3509
0.6785	3.4713	2.5069	0.7686	0.3979	0.2686	2.2158	4.9020
2.6366	1.8378	1.6833	4.6967	4.2856	4.1585	0.2308	2.2321
4.8330	2.0708	0.7381	2.2034	3.1299	0.0703	1.8962	0.0980
4.7399	0.3191	3.1723	1.8272	1.1111	2.7472	2.1781	1.7897
1.2185	4.6850	2.5583	1.6164	4.9536	4.7741	1.5184	2.5902
1.6119	3.2017	2.2869	0.8975	2.3602	2.5177	3.1297	2.1932
4.5885	3.8678	4.3966	2.7184	3.9381	1.2928	2.8164	3.6780
1.6118	0.9886	0.5052	2.7230	3.7358	2.6834	4.5126	4.9543
2.3684	2.0709	1.5708	2.3220	1.8450	3.0892	4.9122	3.4569
1.2909	2.1991	4.3544	3.6512	4.7168	2.4841	0.8444	4.3053
1.3519	0.2409	2.0237	0.2900	1.5337	4.8400	3.9680	3.1455
0.8286	4.4732	0.8685	4.5645	2.1566	0.3812	4.5188	4.5250
2.4521	1.0896	1.8470	4.2971	4.1788	1.7592	2.7540	0.4698
3.9584	2.1084	4.1209	3.6751	4.5925	4.9653	2.9804	0.9444
0.2062	0.0041	1.2344	1.7399	4.8441	0.2024	4.8854	0.6728
4.6756	0.7539	0.2372	1.8322	1.1351	4.7560	1.3571	3.5872
0.8456	3.2041	2.8843	0.0245	4.9634	0.6383	0.4942	3.9218
2.7467	4.6151	2.5969	2.3392	4.5804	0.5773	3.2837	4.7866
0.5814	4.5181	1.5265	0.4255	4.7204	1.4118	1.0982	4.3960
2.1658	1.3355	1.2282	3.3008	1.0915	2.5854	1.8880	1.9371
3.9151	0.2830	4.9710	4.7809	3.2709	2.8743	4.0665	0.7895
4.0755	3.6603	1.8022	0.1177	3.6516	4.8081	1.6747	4.7723
4.1008	1.8782	1.8271	2.0669	0.6321	2.9017	2.2191	1.9616
1.4271	1.0049	1.3962	3.2546	1.5917	0.3772	3.5213	0.7529
3.9729	1.1650	1.3208	2.8879	1.4479	1.2918	2.6689	0.4105
4.7188	4.1661	1.7353	3.7943	2.8264	3.5376	3.9120	2.4558
1.4780	3.3456	0.5867	0.5788	0.2238	2.4138	2.6457	4.6747
0.8559	0.3155	4.8647	2.2830	1.3204	1.2609	0.5377	3.1572
2.9121	1.6381	4.0590	1.8850	2.8030	0.3797	4.7729	2.0710
4.2510	1.6715	2.4418	3.9698	0.8376	4.1771	2.7641	2.2715
3.6640	2.7147	1.6761	0.1420	1.0603	2.2628	0.7208	0.4965
1.2841	4.6766	3.3665	2.1400	4.9921	3.2313	4.4230	1.6514
1.3126	4.4921	4.9607	4.2247	1.1302	4.0196	1.1097	2.8489
3.9333	4.3994	0.8826	3.1842	1.0709	3.3244	2.1540	3.7801
1.9085	2.5015	4.9180	0.5726	0.2162	1.5941	0.7146	1.4380
1.2766	3.8569	1.4354	2.5607	3.5335	4.8019	4.7007	3.4302
3.5256	3.0332	4.1237	4.8382	2.5253	4.0844	4.0629	3.2982
3.6556	3.1040	0.1726	2.5888	2.5034	1.0552	0.7730	2.9644
3.5743	4.3796	2.9270	0.4828	1.8811	2.8450	1.0554	3.8557
2.0974	4.4391	1.7700	3.3739	3.2960	3.2054	0.9346	3.0186
1.8294	3.0074	0.6353	0.3550	1.0406	4.7590	0.1932	4.3763
3.5659	3.8434	4.2561	2.2215	1.9474	4.4287	4.8103	4.9540
4.4508	0.4839	0.5833	3.0251	4.8635	3.5103	3.5079	2.4147
1.7447	1.3553	4.5633	3.8420	0.7944	1.3333	2.2159	1.5420
4.0904	4.5388	3.1506	0.9199	2.5461	3.7859	1.2749	1.2894
3.5867	3.5449	1.4681	2.1526	2.3883	0.7243	4.3741	3.6429
4.3357	0.1530	4.1844	3.7865	0.6369	4.7677	1.8116	4.8429
0.5004	3.2780	0.3195	2.2451	4.6333	4.8829	1.0871	2.3809
0.4278	1.2162	3.3031	4.5182	0.7550	1.4536	0.4381	1.2282
3.3011	0.2395	1.7130	1.8878	3.7843	3.1811	4.0404	1.7309
1.1726	3.9054	3.4145	0.5083	4.0583	2.5989	4.2948	4.3181
4.6952	2.3666	1.1064	0.1956	0.6446	1.4260	2.4407	2.0177
0.2779	1.3089	3.5278	0.7057	2.5251	1.8309	0.2239	1.5031
3.2800	3.2845	0.6620	1.5811	3.5240	2.3749	3.4690	1.2797
2.3084	0.5560	2.5094	3.4810	4.4614	0.9239	3.9893	2.7706
3.5197	3.5228	3.2842	3.2150	0.8894	4.3906	3.4106	1.9137
1.5340	0.8166	0.8513	1.8120	2.1254	4.3792	2.5177	3.7355
4.6505	1.2101	2.7416	2.9305	4.4946	3.4036	4.5117	2.4453
3.0186	0.7785	2.9806	0.3270	1.3346	0.4900	3.8080	0.0709
0.7960	1.4139	2.7973	4.3157	4.9367	1.0814	2.5307	0.8065
0.8262	0.4720	0.9413	2.3602	1.2886	1.7926	4.1722	4.7168
3.4141	1.1718	1.6899	3.0646	2.3819	4.4315	0.9951	0.5673
1.8765	2.8351	0.5067	4.8952	3.6137	3.4873	0.2222	2.4579
4.9483	3.9773	4.0301	0.7443	0.3912	1.8274	0.0600	2.5657
0.3280	2.9089	2.5907	1.1541	3.3809	3.5320	3.5143	4.3474
4.6695	0.3246	2.6865	3.0836	1.4964	4.3764	1.1482	3.8959
3.8783	3.8079	2.1433	0.7549	1.6431	2.6500	0.6500	0.9959
0.2568	1.1374	0.8722	0.2050	0.1147	4.9023	0.9493	2.6456
0.5059	1.7297	1.0093	0.8339	4.6386	3.6000	1.9880	1.8603
3.0195	2.1320	0.5024	2.6891	2.4566	3.1889	0.7727	4.8517
3.9530	2.5653	1.9209	2.8313	1.3733	4.0641	3.5862	0.6642
3.0163	1.7142	4.2362	3.2731	2.8515	0.1084	3.4781	1.2366
2.9662	0.0107	4.4274	3.4722	1.7405	0.4367	4.3061	4.8057
1.3791	4.0367	1.2941	4.3986	1.1687	1.7965	2.0877	3.0789
3.6253	4.9854	2.8604	2.5783	2.5507	4.7812	0.4096	2.7786
3.9239	3.8454	3.9958	1.9403	0.5595	3.2320	0.2134	1.0951
3.4111	3.3404	3.6915	1.3773	3.3511	3.1190	4.8494	1.7218
0.0915	3.5557	4.1555	1.4706	2.5924	0.4496	0.8692	2.6215
3.7612	2.2461	2.9568	2.3864	2.2314	0.8172	4.9647	3.4760
4.7821	0.5984	0.3743	3.7060	4.4438	4.3701	0.6463	2.9500
0.0034	2.6021	0.8597	3.4144	0.9424	4.5512	4.7917	4.3523
4.2935	2.6702	4.6411	4.3850	1.2259	3.7966	0.8556	2.7941
3.8183	4.2462	1.7248	2.5795	1.4923	4.6816	4.9660	4.9678
3.7237	0.4988	4.9307	3.5058	1.0973	0.3050	2.2119	0.8555
0.5411	4.6751	2.8582	0.5444	2.2772	3.7179	3.9588	4.0738
3.2196	3.2691	3.7505	2.5130	0.9393	3.3917	1.8980	2.7384
2.1652	2.1883	2.7536	0.9836	1.4345	4.4784	3.5631	2.7691
2.9269	4.1600	3.5290	1.6506	4.6588	3.4597	0.1564	2.8093
0.7561	3.7647	2.3683	1.2971	3.4398	0.2265	1.8416	0.1837
2.2136	4.5510	1.4496	3.1529	2.9426	3.3477	0.3182	2.8400
0.1309	1.1013	1.3017	1.5655	0.5797	4.8648	4.4923	3.6159
4.7397	3.3939	1.1429	4.3985	1.8536	1.2994	0.1545	4.9006
0.6183	3.6677	1.4517	4.0582	3.8942	3.2933	4.7752	3.4073
2.8387	4.0937	3.7117	0.0523	3.6446	0.1613	3.2053	1.0738
1.5873	3.5090	3.5234	1.7182	4.6103	4.8252	3.2837	2.4663
0.1900	4.6900	2.7760	4.9296	3.0839	3.9189	4.3281	2.7548
4.9375	0.2183	4.4826	0.5558	3.8860	0.9343	4.6140	4.9696
2.7802	4.2276	4.3892	0.6190	3.3213	3.1009	0.6713	3.4622
1.9659	3.2623	3.8765	3.5531	1.7713	2.4000	0.2713	0.4004
1.3815	2.2251	3.5550	1.5715	1.9151	1.3310	1.5011	1.8299
4.9990	0.2500	0.8292	4.9365	0.4683	0.3119	0.4923	3.3139
4.3543	1.2462	0.1063	2.1345	0.4738	4.4955	2.7535	1.0646
3.7951	2.5964	3.4248	0.7610	0.8587	2.3013	4.3141	3.0665
2.6299	4.7012	4.5854	4.0115	1.9264	3.1405	0.5830	3.1196
3.8415	4.4715	2.0841	3.8405	4.7215	2.9133	3.7770	4.1435
0.1898	3.2252	4.2693	4.5441	4.4714	4.3757	1.6786	0.8451
4.9452	3.8712	4.4321	3.7403	1.4676	2.8569	4.5013	4.2147
3.9677	1.7858	1.5413	4.5507	0.6273	1.0128	1.6349	0.8653
4.4678	0.7342	4.5482	3.2448	0.9240	2.7734	2.5141	3.4665
0.4681	2.2449	1.8898	2.1467	2.1901	0.7610	1.5788	2.6907
0.9304	2.2286	4.4357	0.4316	4.5549	4.5938	4.2470	3.8154
4.5112	4.4533	2.6478	3.4789	1.2391	4.1890	3.0297	2.8188
1.8663	0.2018	4.6645	1.3341	0.9360	4.2127	4.5789	0.4848
1.8600	1.9862	2.0931	2.3281	4.2310	3.9829	4.4748	3.7832
1.4211	4.7439	1.0536	2.3515	1.9725	0.4893	2.7831	3.6743
1.5275	0.0831	2.0301	1.0387	4.5364	4.6779	4.5176	4.5586
0.7755	3.8669	2.5473	2.6418	4.0687	2.2118	3.9760	1.5216
0.0047	1.4245	3.5549	1.8648	3.4107	0.6480	4.1929	1.4434
2.6417	4.6309	3.6677	4.0628	4.3748	4.7213	1.4143	2.3680
1.3473	0.2106	4.1974	2.8748	0.2937	1.2275	3.9135	1.7054
4.8301	0.9054	3.4310	0.6056	4.7723	0.9783	3.2474	4.2834
3.8410	3.1901	2.2233	3.8457	4.6146	0.7782	0.7105	0.9838
3.0253	1.4262	4.9034	0.6670	1.0571	3.5711	4.7298	1.6059
0.4319	3.2924	1.1441	1.7792	3.5030	0.3416	4.6541	2.6907
3.7967	1.5691	3.5675	3.6268	2.4745	1.9986	4.2324	2.0576
2.2468	2.9769	2.4797	1.0879	1.1669	4.7031	4.9336	4.0722
0.7816	0.4813	0.6441	3.8069	1.9075	0.5475	4.4739	0.4455
2.9646	4.1185	4.2037	3.3965	2.4109	0.3479	0.1758	2.0272
0.9139	0.6894	4.8298	4.7106	2.2586	3.3973	3.3373	2.5344
4.7331	0.3959	2.5697	1.9799	3.3728	0.0494	3.0678	0.8459
4.5397	4.7525	3.0013	0.3213	0.2338	3.6454	4.1281	3.8572
2.1413	4.1929	3.6020	0.1059	3.3114	2.8058	3.5024	0.8484
0.7223	3.1536	3.6782	1.6362	3.8431	3.5080	1.3468	1.9105
1.1016	1.9053	4.6841	0.8347	2.3012	2.2538	2.8146	1.9236
0.6740	2.3032	0.8824	0.2137	2.0557	3.8837	0.5350	3.9679
2.2895	2.5291	4.6631	4.4308	1.7220	3.2652	4.5367	1.0540
0.0334	1.0709	3.0390	0.7558	4.2245	1.7172	2.3920	2.7687
3.0676	0.2252	3.7387	4.1692	2.1305	3.4228	0.0039	3.1826
4.4318	0.6766	2.8185	0.1058	2.9799	3.7009	0.3195	1.9194
0.0356	2.5846	0.8545	2.3251	0.1138	0.5176	1.7559	1.2352
1.8358	3.7827	1.2925	1.8692	4.8537	4.3316	2.6250	0.8733
4.0782	1.0488	0.0170	2.1458	1.2740	3.7557	1.3150	0.7348
3.4045	2.1785	1.3189	2.8363	2.8552	4.1375	2.9420	4.0540
2.1988	3.9844	0.3418	1.0660	2.1676	4.6371	2.4801	1.3581
2.9990	2.6925	3.3140	4.9520	3.7644	2.7297	4.8687	4.5179
2.8524	2.2256	0.1368	4.1945	4.1588	3.8052	1.5968	2.7283
4.4127	3.3325	3.8834	2.0795	4.8179	4.2710	3.4849	0.9167
1.9272	3.5055	1.7955	4.1260	2.4899	2.1373	0.1920	1.0395
4.6576	1.7744	2.6721	2.6566	4.4669	0.9861	2.6086	4.1717
3.2312	3.7158	2.4774	1.0836	0.9414	2.6142	0.2781	3.2847
0.1002	1.4193	1.8750	4.5128	4.7519	0.7584	1.5923	2.7449
4.5698	0.0293	0.0772	1.4970	3.5348	1.8727	0.6230	3.4552
1.0248	4.0100	0.8149	0.6823	0.7844	3.4871	3.3389	4.2685
1.8728	3.4735	4.2563	4.1622	1.8421	4.9997	1.4983	4.3508
2.3876	4.2378	2.3572	3.0490	3.8064	0.8833	2.4586	1.1459
3.8239	4.0923	1.0990	3.2168	1.3257	3.6659	0.7460	1.3261
3.1664	4.4656	0.9028	0.1262	3.7777	3.4334	2.2640	3.4230
2.5469	2.6481	3.7601	4.4197	1.1216	3.0165	3.5819	1.5914
2.9637	3.0162	0.0802	0.3513	2.2540	2.4373	3.4004	3.3534
1.0603	3.3207	0.8590	4.8842	2.4129	1.9580	3.1010	0.9575
3.7386	0.6239	3.8470	1.9051	0.0895	4.7498	2.0313	2.4373
3.8672	3.1833	4.2953	1.4141	0.8314	3.0554	0.8338	2.2105
1.9530	1.0719	4.4157	4.9167	4.0881	4.4959	0.2680	1.8058
1.3420	1.9332	3.6684	2.4024	0.2539	4.5274	2.2866	4.3478
2.6668	1.4854	0.3876	1.4055	2.1093	4.2346	3.3105	4.1341
1.9598	4.3121	2.5307	2.1377	3.7692	4.2147	1.4962	0.7738
0.8351	2.8384	3.2615	0.8707	0.4230	4.1159	3.1958	0.4018
0.5368	4.6335	4.9517	2.3726	3.4163	1.2442	4.2418	1.9028
3.2699	0.5758	1.8668	2.3481	1.6246	1.8838	4.4939	3.9564
2.8985	0.6395	0.8090	1.3031	2.8180	2.1279	4.1393	2.3212
0.6732	1.2654	2.0813	1.5083	4.1038	0.3428	2.3790	3.1380
4.5268	4.4587	0.5748	0.0635	4.0922	0.5264	2.4361	4.8296
2.5085	1.7706	1.6779	0.7784	2.3464	3.5447	3.1266	3.0559
3.9710	0.4285	2.6205	1.8695	1.0680	3.4295	3.1726	2.1920
3.8860	0.5574	2.3119	4.5593	1.8228	4.3932	1.0676	1.1877
0.9266	4.7360	3.4466	0.4533	4.1947	4.0213	0.5169	2.5739
3.2870	4.5478	2.9530	0.7955	1.3184	4.6309	1.5739	4.9203
3.6649	3.1756	4.7004	2.6358	3.6041	2.3209	4.5054	2.1045
4.6721	0.7504	2.6780	3.5581	1.3078	4.9899	3.1174	3.6134
3.1306	4.3831	4.1849	4.0572	4.1191	2.6315	4.5105	4.0921
3.3138	1.6528	0.0274	1.6008	1.2006	2.9803	2.3963	0.3891
2.5191	2.6112	3.9701	1.1839	0.7868	3.6706	3.8197	1.3583
4.3909	0.9915	3.3251	4.0629	1.7420	1.0031	2.6211	2.5472
3.0498	0.9929	0.7384	1.1804	0.3760	4.9234	0.2376	4.6577
4.4951	2.5549	4.7481	2.8089	4.2077	4.7754	4.4097	0.7091
0.4083	2.7558	1.8059	2.9274	0.3670	0.7761	4.1113	3.6931
1.1538	4.4467	2.9311	0.5446	0.4382	1.2562	4.6076	0.9838
2.1801	2.2593	2.2286	0.2299	3.2522	2.9671	1.4103	4.1322
3.6282	2.8905	1.6479	3.1232	0.4453	1.3960	0.9321	0.2845
4.6530	1.1714	0.3418	0.0614	3.9272	2.1477	2.9888	4.3372
4.2942	2.9238	2.1001	0.4479	2.3704	0.0312	0.9926	0.0896
2.8086	1.2873	0.6002	4.9888	3.5466	2.8288	0.2187	2.7218
1.7988	0.7959	1.6290	0.4269	3.6863	3.2769	3.5502	1.5477
4.1317	4.6728	4.4823	3.7847	0.8442	4.8241	3.8461	1.8955
4.7714	1.9718	1.8349	4.0656	4.8956	3.9350	4.5135	2.0695
2.2660	3.9661	0.5061	0.0747	0.2534	1.1062	0.0634	0.6818
3.8000	3.9350	0.2821	0.5988	4.7309	1.9112	1.0257	2.6693
3.4172	0.1880	4.5758	2.5489	4.8609	4.0581	1.3336	2.4713
2.2894	3.3687	0.7434	2.3361	0.5455	4.2380	0.8589	2.5847
0.6614	4.5686	3.5261	4.4096	0.0175	3.2090	3.6404	1.6256
4.3929	2.2334	2.5669	2.5292	1.8407	0.7997	0.1568	4.7925
0.6685	0.6931	3.2825	2.8711	1.8504	3.8080	2.3261	0.7227
4.2131	4.8345	1.2412	4.6106	0.7302	4.9289	0.9732	1.4553
0.2552	4.5472	0.6652	4.5638	4.1215	2.7017	3.2646	2.8484
4.2213	0.5394	1.5351	4.5814	0.8609	3.0670	0.5114	2.9147
3.4760	2.9391	1.8359	4.1445	3.6322	0.1184	2.0156	2.6430
0.4826	3.9264	4.3416	4.6957	3.7610	0.5829	4.3063	0.4223
4.4912	0.5117	0.2795	4.7464	0.0589	0.9447	4.3101	2.8350
4.1804	3.6465	2.5748	3.4018	4.1858	4.1099	2.9832	4.7475
0.0467	2.1768	3.4946	3.5228	0.1159	0.3306	2.6673	4.0357
3.7482	0.4489	4.6828	4.2308	4.3754	4.0245	3.9265	1.9270
3.1363	4.6073	3.2328	2.6275	0.1190	3.5124	2.3739	0.1366
0.1780	4.4571	1.6840	4.3584	3.1036	4.2588	2.7602	0.3940
2.2077	1.8291	4.3683	0.3124	2.9305	3.7600	1.1582	4.4742
2.3642	1.1544	4.0253	4.0153	4.6086	0.5695	3.4564	4.7943
0.1774	4.7348	1.6828	3.6917	0.3096	4.8097	0.0789	1.1031
4.8245	0.7598	2.4807	1.5636	4.1492	0.3362	3.5675	3.1673
2.2524	1.2056	0.5009	4.4601	3.0347	4.8692	4.7725	0.7781
0.9652	3.6293	0.9307	3.3293	4.7836	4.9560	2.3446	0.2352
4.3923	0.5255	0.8011	4.5697	0.2603	2.4839	3.2614	3.4518
0.5699	2.2936	3.3403	0.3944	3.0534	0.8210	1.9580	0.1152
2.2026	1.1572	0.5256	4.4550	2.3628	1.0265	3.9151	0.3249
0.3974	0.8957	3.6876	1.3626	4.5250	4.6183	4.6920	1.1736
4.3086	4.5743	2.0366	3.7008	0.0998	2.8376	3.2705	1.6629
0.3601	0.3215	1.5319	0.9300	2.6151	4.8721	1.3245	2.2204
4.2801	3.8852	3.0573	1.6559	0.5726	1.0546	3.9438	3.2431
0.9952	0.8311	3.7885	1.1152	4.9273	2.5307	2.9229	2.3447
3.1417	3.2839	4.6160	4.4391	3.0408	2.2745	2.5602	4.8896
4.6645	4.3907	2.9459	2.5055	4.0002	0.1417	1.9568	0.7145
2.7411	3.3322	3.0026	2.0213	2.2175	1.0599	3.6772	4.9294
2.7901	2.1145	2.6210	3.7852	2.9456	1.4095	4.9004	1.5153
2.8729	3.9402	2.8233	1.0146	2.2241	2.4393	0.4537	0.5070
0.2649	4.7138	3.0139	4.9294	4.1045	0.9597	2.4349	0.6520
3.1047	1.1014	4.3917	0.8458	4.4337	2.3943	2.8671	2.9705
1.6511	3.4543	1.5443	4.4412	0.5688	4.1653	3.2264	3.3554
3.5143	0.5748	3.1268	1.3872	4.5150	0.9501	2.4018	3.5667
1.7390	3.3894	2.8555	2.0039	3.1032	0.8694	1.9334	0.6135
2.6445	0.9621	2.5405	1.3408	1.9903	4.7984	3.1136	3.7777
3.1978	3.9648	1.9925	1.0798	3.7409	2.8633	3.4924	1.4017
0.4408	4.3503	3.0357	4.5455	0.3931	1.6380	4.1845	0.3610
4.9843	1.4078	4.7001	0.4168	1.8366	0.9926	0.9858	2.8134
4.9122	3.7352	1.7792	2.5567	4.6974	4.3198	3.8975	3.3287
1.6877	4.1181	2.0111	4.8855	3.0829	4.0036	0.9653	0.4976
1.8238	1.8669	4.4577	2.2646	1.2172	2.4934	1.8101	3.2074
1.6103	4.1314	0.9946	1.5946	0.5392	0.6948	2.0114	2.8030
2.3758	1.6873	2.9973	2.2879	0.4226	4.7765	4.8446	0.2919
0.1200	4.0963	3.7422	1.8077	3.2144	0.7533	1.6932	4.3105
1.2973	4.7569	2.6585	3.1211	1.6237	2.1162	0.3857	0.9703
2.8409	4.6095	2.1958	4.4513	3.7409	3.1905	1.0459	1.0699
0.7051	3.8822	0.1797	0.4766	0.8540	2.0146	4.5421	4.5457
0.7496	0.9495	4.0557	3.0156	4.9156	4.5617	3.0903	4.4222
0.1691	0.6680	3.1537	3.9691	4.6030	3.4359	4.5678	1.1852
4.3339	0.3470	0.5935	2.7512	0.5351	0.1694	0.3001	4.8706
0.3960	4.2275	1.6337	1.1011	3.1097	1.8134	1.5777	0.5958
3.9637	3.8280	1.1198	4.7133	4.7775	0.1754	2.7290	2.8481
4.6931	4.7372	0.8193	4.8622	0.4052	3.9730	3.8313	2.0909
0.0082	2.4089	3.3991	4.3421	2.7559	3.9927	2.0933	3.8389
3.2910	4.1620	2.3933	3.6870	3.3895	4.0270	4.7881	0.1928
1.4992	0.8405	1.3657	0.4630	4.6684	2.4855	0.1763	1.9806
4.4459	2.6610	2.9052	4.1391	2.3981	3.7245	4.0013	4.5534
2.8033	2.6975	2.8326	2.8115	0.1063	1.2317	2.1535	0.1222
2.8623	0.2244	4.2468	1.1533	4.3864	1.6401	4.8402	3.4958
2.7760	0.6672	4.6283	4.2752	1.5076	0.9940	4.7382	0.0603
1.1761	3.4795	4.9144	0.6220	1.1405	2.8197	4.7611	0.7742
3.5386	1.5441	3.7624	1.3419	4.2416	1.5950	4.1534	1.4663
4.3479	2.8267	1.3069	2.2102	3.0511	0.5537	3.3635	3.4158
2.4376	2.1939	3.2037	0.2135	2.8611	2.8320	4.4888	4.3409
4.3687	3.8260	4.2269	0.5448	2.3056	4.1414	1.1668	2.0799
3.4461	1.9610	0.9280	1.9847	3.5052	4.6904	3.3266	2.1935
2.7468	1.2854	2.4800	2.0947	4.1121	3.7869	4.3049	0.7426
2.1632	4.3406	2.6684	4.6008	1.5345	0.8721	4.8143	2.4409
4.3956	3.7041	4.3031	3.7643	2.5301	3.5300	4.3091	0.0069
4.8357	2.6714	0.4760	3.2818	4.6325	1.4039	0.2664	4.0714
3.1376	1.0943	3.5930	0.8844	2.3797	1.0730	2.9791	2.9385
1.4918	4.8599	2.2840	3.6550	4.2006	4.9524	3.2558	3.2143
0.7351	0.8244	3.0701	0.1307	4.5285	2.3732	3.8950	1.8743
2.0587	0.9032	3.2042	1.8944	3.5746	3.6802	0.1762	3.2303
3.2070	0.0841	0.4426	1.3447	1.1784	4.0356	2.2290	2.5248
3.5581	0.1086	0.2081	0.0499	4.9686	2.4921	3.7049	2.8447
4.1691	2.4445	1.9607	4.9042	3.2689	0.0308	0.0349	4.3003
2.7974	2.4039	3.9300	4.8561	3.3071	2.1342	1.7505	2.0704
3.6963	1.0282	2.2578	1.7727	1.2075	4.1664	3.8790	2.2668
2.8820	4.7761	0.8707	2.4126	1.7000	1.4870	4.5433	0.4854
4.1047	1.0428	3.6024	4.6390	4.5911	4.7698	0.5156	1.9410
0.4326	0.4288	1.2925	0.5690	3.0756	2.7427	0.7934	2.8626
0.8557	1.3607	2.6130	3.7390	4.7442	4.1668	0.3150	3.3335
4.3282	2.6485	0.0531	0.1799	2.2130	3.3006	2.3834	4.0319
4.5578	2.0018	2.4961	0.7730	0.7930	4.9344	1.0960	1.7015
1.4348	2.2052	1.0394	3.9879	3.9491	2.3706	1.3979	3.5263
4.0298	1.4953	3.7012	4.8855	2.8560	1.3141	3.6245	1.0125
2.6002	0.4809	3.9395	1.9284	3.1295	3.9925	2.1083	1.2548
0.3424	2.2932	4.4917	4.9002	4.2949	1.9878	0.6733	3.6485
0.0880	1.9221	1.7693	1.5227	4.1273	2.8087	0.5107	4.5083
3.0764	0.1793	1.9085	2.1062	1.6746	0.6097	1.9918	1.3152
4.5305	1.9239	0.6163	2.1307	2.4048	4.5558	4.0591	4.4227
0.5342	3.5483	1.1674	0.8766	0.8415	0.6590	0.7769	0.9746
0.1364	2.6468	1.4502	0.2244	4.5689	3.2195	1.7471	4.7310
4.4694	0.0672	4.1547	0.3473	0.0843	1.6978	1.9442	3.7636
1.5573	1.0899	4.6364	4.4163	0.2374	1.7604	2.5071	3.0545
0.5126	0.0610	4.6404	1.7676	2.9452	3.8639	1.4056	1.9245
0.0367	2.4381	4.4425	0.4162	2.1083	1.1476	1.2441	4.5063
3.6927	1.2005	1.9280	3.1621	1.2676	1.0826	3.5094	0.4954
1.3519	2.7805	0.4536	2.9092	3.8704	0.0901	2.3255	1.9314
4.1078	1.8505	4.8326	4.6203	1.9115	4.4730	1.3879	3.5776
4.8567	3.3369	2.7935	4.8934	0.7750	2.2360	0.3097	3.4338
2.8833	3.3835	1.5538	1.5760	4.5840	3.4818	4.7381	0.1457
0.8516	4.5644	3.2475	2.2035	2.3449	3.7012	0.1127	0.4520
1.2152	3.7912	2.4382	0.3230	0.6417	2.2709	4.9433	1.6642
2.5532	1.7439	1.3312	2.4099	0.0807	4.1247	2.3033	2.6704
0.2319	1.1276	1.1767	4.0424	0.9799	4.5836	2.0903	3.2966
3.3830	4.2073	4.3507	3.3989	3.2881	1.0960	3.6681	0.9644
0.4484	1.9142	3.3479	4.8559	2.8851	0.0142	3.4708	4.7409
0.8778	0.0171	2.5432	1.5969	1.4731	4.3921	2.6922	0.5635
2.8590	4.1475	2.1240	3.0909	0.2751	3.3006	2.1332	1.4498
1.2550	2.8842	4.2235	4.6380	2.0915	3.5742	3.0370	1.6819
0.3795	4.6702	1.7050	0.8279	1.5844	0.0529	0.6838	3.4260
1.8817	0.8144	1.9266	0.0888	0.8985	2.3692	1.4334	4.7833
2.0769	1.4049	3.6625	0.6350	1.5135	3.8706	0.6850	0.7138
1.4821	1.3627	4.3899	0.6512	3.8072	1.3505	0.5555	0.1275
2.0760	1.3813	0.5904	4.8735	3.7853	4.5204	4.7296	3.3096
2.0924	1.6546	1.4800	3.9741	2.4689	3.4067	4.0629	1.7263
3.3674	0.7759	0.4963	0.4443	2.1808	4.1588	1.0794	1.3824
3.6943	3.0294	1.7643	0.1764	4.3921	1.1542	0.8276	1.9580
3.1992	2.5047	1.3831	0.2753	3.8861	1.9735	0.1487	1.2346
2.6713	1.4939	4.8783	4.7637	3.1485	1.3583	3.7378	2.6976
0.6174	4.7650	2.8007	3.9848	0.5409	3.2970	4.4292	1.3807
2.7217	2.4557	0.5085	1.4159	0.4851	2.2729	1.5923	2.2093
4.8772	3.4270	2.4199	3.0764	0.9318	3.8030	3.3517	2.4285
4.8178	0.7765	3.5004	2.4891	2.2704	3.3786	2.2528	0.1444
0.4188	4.7369	0.9906	1.0362	4.5019	3.7913	0.0211	0.2638
0.0428	2.0883	4.4502	2.7644	4.5440	4.9587	4.1804	4.3530
0.0291	2.2316	0.7727	4.9063	0.6586	3.1926	2.9827	4.6506
1.5904	1.9957	1.3344	1.4083	2.7722	4.8348	3.8974	0.7592
0.0425	3.2134	1.1503	0.4614	2.9504	2.1409	1.4976	1.2844
2.4523	0.9322	1.5187	2.4951	3.0205	0.9689	0.2595	3.2283
2.5645	0.9276	4.4399	2.5936	3.1592	0.2126	2.4999	4.1930
3.8179	3.4053	0.4827	0.4083	0.4009	1.8171	1.8166	1.4300
3.1731	1.6519	0.7140	3.2156	4.8653	1.8642	3.6770	3.6802
2.8157	4.0051	0.1746	0.2680	4.9373	1.6933	2.7630	0.8572
2.9578	2.6621	3.0226	0.5223	3.5898	2.4625	3.1159	4.1005
1.7490	2.6751	0.6159	0.5669	1.0803	1.0985	0.9752	1.9769
1.4812	2.9156	2.7918	4.6543	4.5675	3.5058	2.8699	1.8216
4.4328	0.3700	1.5469	2.2485	4.3751	1.7215	2.5164	3.8414
4.3124	3.4147	0.2795	2.2702	1.0768	3.3020	2.7925	2.5403
4.6666	0.7645	0.9084	1.4156	3.4395	1.5243	1.9825	3.2714
4.5199	2.6228	2.9577	1.0011	0.5385	0.7495	0.6554	0.5233
0.1060	4.2552	3.5254	4.5388	4.6252	0.0722	1.7872	0.9664
4.0003	1.7937	4.3036	3.3127	0.2084	4.5831	0.5830	3.0547
2.9602	3.9161	3.4655	3.4086	4.9645	3.4802	1.6619	1.2371
4.2374	2.5508	1.2168	4.2125	2.6128	4.4571	4.4849	1.0939
0.2532	3.0795	4.0729	4.4107	2.2473	0.1527	1.9865	1.3643
4.2073	2.0219	3.3365	0.4575	2.7263	1.4531	2.7765	2.9634
0.3762	4.9299	2.9066	3.3364	3.8460	1.3721	1.7450	2.4763
3.8105	4.8523	3.4069	3.0479	2.4031	4.6237	2.2604	3.3223
0.0159	4.0808	1.7453	0.2691	2.1603	0.8182	4.6798	4.1980
4.4076	0.9709	1.6664	3.6149	2.9928	0.0028	4.0724	0.1738
0.7191	1.4560	1.8489	1.0953	1.3859	4.7555	4.4317	4.7030
3.4965	2.4775	1.9354	2.3839	4.5952	1.5871	1.6966	1.4073
4.0184	3.9386	0.1634	2.1761	1.9013	2.2467	4.2976	2.6024
0.3557	1.4979	3.0457	2.9927	1.7788	3.1104	3.5934	4.8474
1.7420	3.3646	0.0792	0.5245	0.1382	0.6090	1.6792	1.6710
2.8050	3.2246	4.0560	1.3015	0.7021	0.9914	3.6854	1.9553
0.2973	2.5784	0.3820	4.3157	1.5171	0.5455	1.4918	4.4980
3.4184	2.7922	0.7894	3.7741	4.2901	3.8352	1.7667	2.4302
1.0689	1.9456	0.3601	2.8110	0.3102	0.4393	3.3355	3.2397
0.4484	1.0484	0.0147	3.2534	4.2730	4.0706	4.5549	2.7263
4.9751	0.0620	3.2403	0.2723	2.6404	3.6223	4.5880	1.6232
4.1575	4.1678	1.0798	2.5759	1.9600	1.8692	1.3499	4.6697
1.2501	0.7044	3.1167	2.3191	2.6500	3.4768	0.1300	1.4065
3.7287	1.4289	2.9112	4.4624	0.2295	4.8806	3.5514	2.4803
2.6626	3.6909	3.8619	4.6901	3.7811	3.6525	3.8729	3.7702
2.9214	4.1370	1.3300	3.1588	3.5528	4.3737	3.0419	3.3834
3.8500	4.9366	2.7761	3.3365	3.0576	2.2558	0.0931	4.3019
0.4254	2.3055	2.6999	4.1541	3.7344	0.6111	3.6165	2.6116
3.9639	0.4917	2.1679	1.6265	4.1826	1.0298	1.3166	0.9237
2.9637	4.6823	0.1895	0.8852	3.8193	1.5195	4.0439	2.5733
2.3721	0.8931	2.0858	1.2221	0.8298	4.8619	4.5586	3.1348
3.8874	2.1177	4.6517	4.3127	4.4232	2.3516	3.4668	1.8901
3.1576	2.9627	2.0833	2.1216	3.4544	4.2512	3.7481	0.6280
2.6370	0.2809	0.0647	0.6007	4.9632	0.2542	1.4859	4.3719
3.7825	1.7736	0.5298	1.1546	2.6668	2.6156	2.3768	2.9840
2.8662	0.9619	4.4389	3.2585	2.5610	2.7703	1.2139	1.9923
1.1190	2.0469	3.2373	2.3122	3.5487	1.9501	1.9327	2.3353
0.2054	3.3080	0.0387	4.8944	3.0808	1.6888	0.8244	0.4603
3.5802	2.1141	0.8092	4.4540	4.3727	2.4215	1.6651	0.3146
3.3553	3.6324	1.8409	1.2215	4.5944	1.2798	4.4800	1.5333
2.1553	4.0501	0.6940	3.2743	1.0971	3.9313	0.5865	0.6341
4.6457	0.8813	2.5193	4.8511	4.1893	2.5580	4.7455	0.0176
2.2701	4.2468	0.5699	0.8503	1.3610	1.3792	0.3043	2.9405
0.7337	3.8007	1.9694	4.0890	2.4331	3.8104	0.3105	3.2365
2.0275	0.0902	4.7906	4.1828	4.1403	0.4846	2.4571	4.8650
0.2374	4.4158	3.0437	4.8831	0.2972	0.5629	4.7342	4.6116
4.4865	3.1209	4.4798	1.7566	2.3678	0.0497	2.6069	0.1918
1.5047	0.6762	1.2799	2.6216	0.7921	2.9299	0.9556	4.3630
0.0582	2.8773	0.7699	0.0586	3.2087	2.3116	0.2310	2.0417
2.8139	4.6479	3.0582	2.5725	0.9628	4.8907	2.9713	3.4315
1.6274	2.1595	0.1523	1.2984	1.5087	1.8481	4.0683	2.0892
2.5631	1.9590	0.9452	4.0679	2.6352	2.2251	1.6895	3.6649
3.4273	0.1550	2.6451	3.4855	3.0323	3.4149	3.5441	3.1012
1.2410	0.7266	3.7751	4.0549	0.3745	1.8333	1.6274	3.4957
1.3373	1.7240	4.5987	2.9647	3.8836	4.7510	4.2631	1.1452
0.3923	1.5990	3.3314	2.9554	3.5580	4.2766	2.0233	1.8714
1.1932	1.5017	3.7128	4.6205	1.6567	1.3579	3.1060	1.8791
4.6890	4.7728	1.6501	0.9300	0.4994	0.4253	4.9848	0.4472
0.8738	2.2586	1.6122	2.2111	3.9826	1.2110	0.1758	4.4830
4.2632	1.5842	2.0868	0.2471	4.4376	3.8896	4.0671	2.8028
2.4828	0.8797	3.1841	1.3506	0.4867	0.3710	1.4309	3.0205
1.1420	4.6568	1.6442	2.7327	4.0923	4.6247	3.9003	2.6178
1.0083	3.7452	2.1502	0.2959	0.6665	4.5506	2.2471	4.6929
2.2171	4.1502	3.2973	1.4803	0.7344	0.3841	1.7274	3.6485
0.1720	4.2737	0.7945	2.6548	0.1535	3.9786	4.0054	1.9897
0.6402	4.3497	0.4363	1.7822	4.0065	2.0804	4.5148	2.6769
3.0988	1.7052	3.4151	4.1071	0.4503	0.5653	4.4029	0.6408
1.1169	0.1159	1.6500	3.3340	4.2661	4.9474	4.8143	4.3250
0.0004	0.3315	1.5417	0.1724	4.6052	2.3363	2.8272	3.1372
4.7586	1.3149	1.8325	0.3988	0.6646	2.2688	2.1810	0.9554
4.6710	4.3492	1.6958	2.7699	1.0544	0.1109	1.8769	0.8583
2.4610	0.6308	2.4295	2.7729	0.3899	3.4316	4.0289	3.7714
3.9204	4.8869	3.0508	2.6343	3.6417	2.3307	3.3726	0.9729
2.5053	4.8913	1.6610	2.0682	0.2920	1.8284	3.0486	3.7988
1.4353	3.0833	4.7855	1.9376	3.2713	0.8688	0.7662	2.0078
2.8361	0.1918	0.1873	0.2970	0.8226	2.6168	3.0699	0.8379
1.2125	1.0484	2.0989	0.1329	0.9353	0.1497	2.7673	3.4104
4.5770	2.4804	1.1399	2.0823	2.3717	2.8009	4.1505	2.1996
2.6636	4.6293	2.1991	4.0990	2.7126	1.9846	1.0366	0.2009
0.9839	2.8534	1.8028	3.8200	3.0452	1.9901	4.1170	0.4521
3.8678	4.6069	2.1869	0.0803	0.6553	4.2858	0.2133	0.6311
1.5906	4.4355	2.9805	1.1676	1.9159	4.1205	3.2499	2.2901
4.2876	1.9213	2.4004	1.9513	1.5506	4.5996	1.0502	4.1171
1.8218	1.4120	1.8461	2.4920	1.8409	2.8096	3.0229	3.7324
0.5257	0.5903	4.5592	4.3289	0.7183	2.9027	4.2086	0.7859
4.3389	3.6163	2.8454	3.5900	3.9672	0.4438	3.8933	0.2623
2.2663	3.5194	3.0681	2.4158	2.4158	3.4513	2.9938	0.6038
0.9441	3.7714	0.4532	2.7659	0.1834	2.2994	0.2579	2.6650
2.0244	0.1089	3.2808	2.5501	0.6992	2.8400	1.8790	0.7095
1.4175	0.7427	1.0876	0.7564	4.3590	3.9330	4.3464	0.0868
3.3262	4.3768	3.2397	0.5926	2.8962	1.3078	3.0083	0.4678
0.3120	4.7591	1.0021	1.2560	3.5305	1.4554	4.0219	3.7299
3.7139	3.7547	4.2798	0.7383	3.8637	2.5606	3.2884	2.7047
4.5629	0.4006	0.1674	0.9804	1.1434	1.2550	1.7369	0.1607
0.5023	0.1880	1.0833	3.8286	4.5648	4.3230	4.4211	2.3784
1.1447	1.8625	0.5299	0.8019	0.9580	1.1454	0.5628	4.6944
2.6808	2.1378	2.2674	0.2044	0.4217	3.3107	1.5155	2.8377
2.8193	3.9022	0.3437	2.3369	3.5782	3.8111	3.7285	3.0192
1.4529	3.6616	1.1550	2.5052	2.3766	4.3370	1.5768	4.0194
4.8607	3.2559	1.8173	1.0054	0.1184	2.3472	1.8072	0.9749
1.0764	3.4926	2.3700	3.7572	0.6305	4.6374	3.9616	3.9746
1.0522	2.9481	0.4771	3.8715	1.8503	0.8208	1.2084	4.8777
0.4286	4.6319	4.9369	1.8815	3.2935	1.0919	4.3866	4.7463
0.6702	0.4289	0.9635	0.5309	3.6848	2.7807	1.5363	4.9475
3.8032	0.1280	3.3435	4.8796	3.6206	0.7136	3.6368	3.6765
4.2511	0.3510	2.5984	0.3033	3.2991	3.0756	4.1748	1.7541
0.1494	3.8964	0.3832	0.5780	3.5283	0.3201	2.4595	0.7854
1.8399	3.1736	1.9146	2.3952	2.9868	1.8222	0.2094	2.0869
3.7294	3.0065	4.5363	2.1222	4.7538	4.1142	1.7438	3.9538
4.1609	4.9789	2.4815	4.7208	4.8418	4.9045	4.9813	0.9863
3.1495	4.8915	2.2066	4.1206	0.9966	1.1520	0.3261	2.5391
0.1037	2.6272	0.3769	1.9436	0.8008	2.2915	4.3388	4.5849
3.7876	4.1137	4.5482	2.5170	2.1201	4.0845	4.6392	3.2764
1.8739	3.1987	1.3831	1.0348	3.1776	3.8645	0.7556	1.6561
3.0194	3.7691	0.7369	1.1688	3.6606	2.9435	0.2894	3.3173
4.6572	4.0956	0.6155	4.7609	1.7228	0.9924	1.7046	4.0623
2.5236	3.2839	1.0434	1.3112	2.3975	0.5915	3.8282	1.9184
4.5177	4.6760	3.4674	1.3916	2.8747	4.8505	2.4264	3.9211
1.0523	3.7150	3.1820	4.0716	2.4841	3.9190	0.2405	1.7273
4.2538	1.7207	4.2863	3.7382	3.5787	2.0967	1.0358	2.6279
4.8871	3.4931	2.7115	0.5694	3.5477	4.4464	0.8785	4.0079
2.2640	4.2188	3.5542	4.7556	2.5708	1.8839	0.8095	2.1951
3.6111	4.7308	4.1686	3.0183	2.8225	3.1149	3.0439	1.3578
2.2590	0.9294	1.2767	1.5127	2.6501	0.5630	0.2509	1.7126
1.2289	2.6597	1.2868	1.1160	1.1529	3.9983	1.6854	2.3558
4.7006	3.4447	2.5639	1.9647	2.6635	1.1181	1.7202	3.7362
0.2343	3.0020	2.5297	3.8454	2.7328	1.6984	1.8637	1.4070
0.5553	4.8132	4.9076	2.8142	0.7426	1.1843	4.3270	0.1935
3.3928	1.7473	4.5779	4.6216	4.4071	0.8647	0.7376	1.7554
0.5599	4.8629	2.4230	0.2606	3.3076	4.9870	2.2252	0.4264
0.9712	1.1051	3.9455	1.2054	4.1071	1.4752	0.0508	1.1684
2.5889	3.4726	0.0379	2.8462	4.6671	2.9518	1.7570	0.7300
2.8133	4.4504	3.5859	4.3780	4.3739	3.6582	0.0592	0.3041
4.6268	3.6617	3.0375	2.3665	3.7752	3.5796	0.6540	0.9147
3.5624	2.6884	4.5173	2.3052	3.3668	0.2448	0.5871	0.6775
0.6184	1.3447	3.8683	3.2073	4.8173	3.9062	1.0535	3.9806
4.4844	1.8580	2.8105	2.2976	1.3084	1.3964	1.6757	2.6688
0.6823	0.0546	1.7349	0.3091	3.7163	4.7724	2.6757	1.4629
2.4915	3.3520	3.3297	1.0539	1.0404	2.8469	3.3591	1.0675
4.4072	3.0917	3.9462	0.0256	4.4365	2.8145	3.2328	1.6226
1.2853	2.8851	3.3755	0.9519	3.6496	4.2839	2.3675	2.4492
2.0891	0.8082	4.3500	1.6090	3.4311	2.3077	2.6101	3.6066
3.9695	3.0572	3.2655	4.0755	2.3124	1.7909	3.6142	1.2075
1.9376	1.8631	0.4014	0.9380	3.6568	4.7051	4.2507	0.7256
3.8653	4.2881	4.8337	0.1505	2.1732	3.2092	1.1024	0.2627
0.8228	2.4931	3.4699	2.9119	3.3013	2.8199	4.5209	4.5248
1.7324	0.1276	2.1309	0.7019	3.1848	0.3965	4.7774	4.7879
0.4973	2.1874	3.3916	2.4349	4.0505	3.7931	3.3729	2.1812
2.7074	3.4981	2.6236	1.5726	2.7863	2.4573	1.7231	3.4459
4.9595	0.6664	2.8255	0.7823	3.1595	1.2954	3.6942	1.5152
1.4608	4.1154	3.2150	3.1932	4.2430	0.3460	3.8951	4.8090
2.4279	0.7425	3.6725	2.9251	2.9298	2.0641	0.3600	2.4538
1.9804	0.8571	3.7329	4.6877	4.3552	1.3565	1.2603	3.7102
2.1415	3.8138	2.9835	2.1010	4.4802	0.8090	2.8833	1.1668
2.6398	2.1044	1.5775	4.1006	1.2198	4.7925	2.2938	4.1664
0.4628	0.1384	1.1889	2.8907	0.8809	4.8613	0.8158	1.0660
3.8107	1.9254	1.1759	0.7911	2.7825	4.9088	0.4788	4.9031
2.1377	1.2653	1.7391	4.2792	0.0791	4.7226	1.3802	0.5734
4.5593	0.5316	4.2635	2.1991	2.6361	0.8410	1.2997	1.2595
3.8559	0.6334	3.5935	4.3187	0.7719	4.7823	2.2094	1.6585
1.6528	4.6437	3.0252	0.4635	1.5691	4.2011	1.2546	0.9997
4.3516	4.1099	1.7334	1.4893	0.3752	3.4726	0.7685	2.4279
0.4543	3.1952	2.1487	0.0136	3.7268	1.4123	2.2127	2.3885
1.3629	2.2532	3.5123	0.2188	2.8867	2.1058	4.5375	1.3038
3.6586	1.8881	1.7469	0.3113	1.5318	4.7721	0.7749	3.3426
3.1008	3.9732	2.0295	2.4524	3.0831	3.7629	3.9417	3.0660
3.4583	2.2355	4.7102	3.9126	0.4307	1.8589	3.9262	0.2844
4.1575	3.2712	1.1389	0.5204	0.5244	4.6512	0.7392	1.0114
3.4111	1.7570	0.2767	2.0697	3.6451	2.0236	2.3810	4.5289
0.1769	1.7957	3.1559	3.2778	0.7690	0.1853	0.7301	1.3519
3.8521	3.9482	4.6718	2.3104	1.1837	4.3820	1.2230	2.6340
1.6144	1.2409	0.1493	0.7719	4.5121	1.2882	1.2923	1.9781
4.1164	0.3295	4.9312	2.2971	2.4867	0.1101	2.5638	4.9585
0.5478	4.6737	3.5667	0.5758	3.9556	1.5696	1.8643	3.8415
4.5391	1.5731	0.3724	4.9993	0.3374	2.3726	1.7568	2.7037
0.2573	1.1945	2.9139	3.9108	3.1462	1.4986	1.8290	0.2212
1.5648	4.9235	0.0723	0.6812	0.2530	0.0035	2.9783	3.3662
2.7397	0.1135	0.5421	3.2875	4.7872	4.1088	3.8633	2.4916
3.7428	0.6784	0.7275	3.2819	2.2515	1.1000	3.2812	2.4024
3.6503	1.0631	0.3337	1.2638	4.2935	1.5831	0.0006	1.8121
0.9592	3.5753	1.7603	1.2724	1.4204	2.3948	3.3295	4.0068
3.1024	2.5779	1.3083	3.0279	0.5311	3.3369	2.4126	2.2114
1.0605	4.2309	2.0645	1.3627	2.4830	0.2525	3.4910	4.2659
2.0859	0.9039	4.3847	0.7362	1.9670	4.7184	2.0000	2.7170
1.2604	1.3014	2.0006	2.2197	4.8768	3.7608	3.4921	3.3783
1.2972	1.1556	1.8216	4.3997	3.7336	3.1299	2.4276	3.4323
4.2647	1.4668	4.8402	0.3252	0.6978	1.9047	1.6878	3.7830
3.1808	2.1572	0.1789	0.2667	3.0611	4.5636	1.0029	3.2813
0.0280	4.2820	3.0029	1.2885	0.5834	0.0035	3.5081	4.0056
0.4602	3.7643	2.0002	1.7575	4.9199	3.8218	1.1571	0.0425
3.6535	1.9518	3.5847	2.9182	3.4186	3.4249	3.2433	4.9398
1.8998	0.2121	0.1098	0.8519	3.0965	2.9841	0.6737	0.0053
4.1777	4.4066	3.2215	3.1281	1.2157	4.8062	4.8157	2.4705
0.8081	2.1965	3.4926	3.2688	2.0535	3.9929	3.9273	2.3283
1.9390	2.6964	2.9484	0.6748	3.5662	2.8186	1.8093	1.3091
1.1232	3.4354	0.7430	3.0230	3.6474	0.8528	3.8749	0.8131
1.7440	3.8369	4.5485	0.9217	3.2435	2.7701	4.0498	0.3943
4.4592	2.5763	3.8655	0.2673	4.7727	2.3580	3.5361	1.5935
1.8262	1.3509	2.4633	3.7653	4.0473	0.4117	4.4401	1.8245
2.6135	3.2304	1.2493	3.7367	1.6657	1.9923	1.7597	4.9231
0.3132	2.8451	0.6346	2.0571	1.6820	0.1831	2.9788	2.9454
4.9255	2.9532	2.0286	4.3846	0.5294	0.8940	4.6519	4.4585
0.3021	3.2521	3.1880	2.1284	4.6029	0.6514	0.8936	1.9012
1.8564	4.6724	1.8385	1.3108	4.8681	2.3967	1.7687	2.9039
4.2519	0.0848	1.6612	4.8343	0.3297	2.5617	1.3797	3.3000
0.1648	3.8218	3.9631	2.4865	3.5484	4.5209	4.8974	4.6049
0.4006	2.6557	3.8488	3.3769	4.6093	3.2892	1.6981	3.1251
0.8696	3.1967	3.5482	2.7261	2.8692	0.3866	4.0368	1.6662
2.7373	2.7834	0.8056	1.9892	2.8682	2.4668	1.8235	2.0965
3.1979	0.0285	3.2032	3.3626	3.8503	2.1663	0.8491	0.5275
2.3987	1.6871	0.7465	2.7992	4.3428	4.5953	1.1761	3.4783
3.9521	2.8845	2.8743	4.8218	1.0812	1.4225	2.5478	1.1032
3.9504	1.8091	1.5847	1.6876	4.5925	2.3903	3.6768	2.7389
2.4606	4.8571	0.5003	0.6585	4.8855	3.7035	4.0211	2.7442
3.7358	0.8698	4.8702	1.1345	2.5570	0.6168	3.9337	3.8202
3.4308	2.0104	0.4270	1.5734	4.7647	2.0334	4.3518	1.1172
0.0747	2.8965	3.1066	1.9367	2.6026	3.6593	4.6025	1.1764
1.4512	3.9984	1.2418	3.9487	4.2208	0.4878	4.9781	2.6033
3.1839	1.2895	4.2977	1.4597	3.8582	0.4308	0.5698	4.3985
1.0037	4.1881	2.1298	4.4345	1.1985	2.5568	1.0079	0.1820
0.9632	4.5902	0.3598	1.0378	2.4866	3.4664	2.9745	2.6458
0.0892	2.1257	2.5770	1.5404	1.1241	3.8189	0.4891	4.3383
0.3449	4.3066	0.4672	3.5288	0.5961	4.7649	4.9885	0.1874
4.4543	0.1957	0.5583	0.4580	4.3838	2.6881	4.8925	0.1163
0.5823	0.2449	0.9004	1.5455	4.8351	1.2602	2.5833	1.6666
2.3217	4.7265	0.5578	2.4109	1.8522	3.1348	3.9513	1.4965
2.9763	1.9537	4.4404	3.3212	1.2603	4.9076	1.8500	0.9294
1.8620	4.7061	0.5527	2.6658	3.8486	0.3391	1.6393	2.0609
2.4975	0.2224	4.2459	1.0294	3.9631	0.8017	4.3196	3.0900
3.2758	2.5687	1.1331	4.1101	2.1455	3.7573	1.5600	2.7539
0.0365	0.9394	2.0315	3.4476	2.6965	2.3082	0.5173	1.9840
1.3416	4.3318	2.8983	1.5185	1.1275	1.0542	4.7963	1.0354
1.8965	1.2395	0.5264	0.7485	0.1877	0.1982	3.0589	2.2124
1.3715	4.5802	4.2820	2.9859	0.8211	4.4313	3.7578	3.8852
0.3332	0.7194	0.0501	0.3697	1.6589	2.0817	3.8174	3.9393
4.3553	4.3899	4.3347	0.6969	3.7216	2.2330	2.2154	0.5123
4.8492	3.2871	2.0117	1.7456	4.5266	2.5381	2.4941	3.4901
4.7144	2.7363	0.5531	1.0858	2.3165	4.8351	4.0717	2.0644
3.1376	4.2663	2.8296	3.4708	4.9858	2.8797	3.8405	2.1785
1.6446	4.9614	2.6579	1.0000	4.3512	1.9925	1.6969	0.5866
3.0729	4.2255	3.9123	2.9220	2.5126	0.9240	4.6676	2.5919
2.0392	3.4621	2.1618	1.7536	1.1984	2.7149	2.8394	0.6568
3.5149	2.5499	1.9111	1.6525	1.8163	4.7407	0.1233	1.6898
1.8021	2.6204	3.9638	3.4467	2.5818	1.6217	4.4467	0.3308
1.9330	3.6143	1.1435	0.0058	2.8398	0.0558	2.9278	3.4009
0.3524	0.9799	2.5955	2.3916	4.4420	4.7572	4.1451	0.5101
0.6404	2.4721	1.9846	4.1554	0.0221	3.8957	0.8079	1.4480
1.8383	3.6364	0.9312	3.6404	1.2568	4.8951	2.0871	4.5774
3.8386	1.5168	1.5337	0.7715	0.1310	2.6773	0.7774	3.1133
2.9708	2.7331	3.7052	3.3232	3.7130	1.3007	0.7147	0.8464
3.1550	1.0579	4.8599	3.7954	3.5300	1.8444	2.9508	4.7594
3.5521	0.7401	3.7587	0.3904	4.3765	4.6899	4.0308	0.7591
0.6333	4.5850	1.1179	4.4719	1.1017	2.6517	0.2434	0.1848
1.2328	0.3289	1.0208	4.2036	3.0620	4.7260	2.5267	4.9468
1.7750	1.0267	3.2415	4.9300	2.0846	3.1013	3.7254	0.8754
0.6147	4.9458	1.6762	4.1668	0.6859	0.4349	4.5572	1.8514
0.0624	0.1248	3.5881	0.6958	4.7097	4.7060	0.1677	1.4433
0.8115	2.3576	0.4111	2.0443	2.6866	1.4320	1.2479	1.8048
0.7486	1.1580	3.7746	2.5236	2.1847	2.0161	2.4536	3.9122
4.2693	0.1174	1.1790	4.8840	0.0632	2.8552	4.0507	4.5332
0.7491	3.2901	3.6079	0.8116	3.4149	2.1960	1.5073	4.5587
3.1246	1.9020	1.6750	3.9361	4.2596	2.0862	0.9804	0.8962
3.1426	2.7543	1.6063	2.7784	0.3100	0.8631	3.7548	0.5686
4.4809	0.2556	0.7132	2.1669	3.9178	4.2070	2.1084	1.7710
0.4634	0.3766	3.7606	0.3161	4.8752	1.7146	1.2620	4.7814
3.7651	0.9495	2.5987	2.2874	0.0940	3.8987	4.8181	4.5079
4.8016	0.1486	3.8724	1.3222	2.7786	3.0545	1.5174	2.2834
1.3406	3.9963	4.5863	0.8215	4.2518	0.2995	2.9885	3.2715
3.1697	4.5064	0.0968	3.6331	4.8831	3.8575	3.9492	1.5723
4.7582	0.5720	0.2112	3.5233	1.5216	2.8098	0.8107	4.4619
1.6156	1.7086	0.6288	1.4171	1.8572	4.5013	2.7393	3.8581
4.6358	2.5557	4.2568	0.9764	1.5520	3.8430	1.7979	4.1642
0.8038	4.1425	4.7864	3.9735	3.6489	4.8832	2.6066	0.1187
3.5319	3.7407	1.5558	3.2902	4.3128	1.7670	1.8135	0.5480
0.8343	4.5768	2.6242	2.4499	1.2854	3.2530	3.8670	4.4950
4.4555	0.4238	0.6529	4.5908	2.7861	1.0625	4.9794	3.5196
4.2977	0.2411	3.6285	4.5725	4.3757	0.6535	4.9865	1.0580
2.5155	1.2500	1.4302	3.6039	1.8615	4.5521	1.6321	0.9429
4.1990	4.9867	2.5540	4.7708	1.7672	4.3485	0.8494	3.0970
2.2554	2.8833	2.6759	1.7108	3.3071	3.3289	1.3016	4.1713
1.0932	4.3913	1.2811	0.3909	4.6325	4.9095	4.9633	1.7894
4.0082	0.5630	4.9498	1.5238	1.8131	1.3801	0.1276	2.8564
3.6746	0.9321	1.7598	2.8736	0.9188	4.3138	2.6444	4.9305
2.6861	3.6623	3.4937	4.9414	1.5456	1.1697	1.6523	1.9741
4.8527	4.4985	2.9539	0.9459	3.8899	4.2350	1.3367	2.8032
3.5224	4.1445	1.3001	2.5306	4.7075	1.2499	4.0544	0.8059
1.5206	2.6299	4.1820	0.1952	3.5621	0.9418	3.0688	3.8255
3.0072	4.6138	1.1868	0.1155	1.3761	4.0493	0.1956	4.2464
0.8905	3.9433	1.4434	0.6483	3.9914	1.7111	0.6348	2.6107
0.9536	1.5084	4.0330	2.9790	2.2724	2.3617	0.8678	2.7377
0.2412	0.2597	0.1485	3.0784	1.1680	0.4734	1.5832	3.7797
0.2532	4.1493	3.7691	3.2605	3.7631	4.9559	3.3759	2.1693
0.1393	4.0052	3.5715	1.0297	2.9485	0.0149	1.6781	3.6340
1.9400	1.7260	2.3128	2.8936	3.2344	1.3459	0.8726	4.3483
0.5068	3.7076	1.7404	0.7480	3.9673	1.8889	3.8264	3.9404
0.1354	2.3623	0.4095	0.3886	1.5116	4.1787	3.6491	3.4154
0.2748	4.1346	2.0250	0.4140	3.1398	0.5965	1.4438	3.8562
1.0883	0.6115	3.1218	3.0283	2.3375	0.4346	0.9219	1.2237
0.5718	1.7805	1.7945	1.0786	0.4881	3.5349	1.8266	1.6869
2.0254	0.7640	3.3287	2.8888	2.9688	2.8980	4.2807	0.4284
2.8371	0.9083	0.3249	3.5048	4.0852	3.6759	2.1859	0.6856
1.9462	3.5182	2.2283	2.6948	4.6761	1.0029	0.2184	0.5451
1.8608	3.0190	2.6720	1.1301	3.1364	3.8511	1.0141	4.5926
3.1997	1.7063	0.0648	3.9488	4.9964	3.6727	4.7603	0.8043
3.4113	0.8687	1.2677	1.5359	2.7707	2.9427	0.4721	1.0930
2.0303	0.0289	1.4525	3.9764	3.5471	3.6807	1.6712	4.0876
3.2232	4.6837	1.8896	0.0840	2.7027	4.5617	1.2141	4.3239
0.8391	3.4128	2.2282	4.0388	0.1191	2.2930	2.9875	2.1510
0.1155	0.9657	2.7479	3.5268	1.8344	4.0156	0.0627	0.0306
4.6050	1.9583	0.5348	1.6353	1.9872	1.9872	0.6117	2.4209
0.5343	0.6680	2.2829	3.7575	0.3516	4.1726	3.8415	1.3224
3.0543	3.7343	0.0556	3.8934	2.1470	2.2838	2.9322	1.8199
2.2661	4.5767	0.9197	2.3816	0.5424	3.6676	0.9084	0.2773
2.3768	2.6832	0.9711	1.9818	4.6414	1.5059	3.6171	1.2529
1.6286	3.4931	4.2288	2.1629	4.1611	1.5117	0.9204	3.7941
4.5127	0.6843	4.7619	2.5670	4.4185	4.8174	1.4604	3.0804
1.5655	2.1012	4.3925	3.8316	1.6779	0.3122	1.2132	2.0587
2.2203	3.9798	2.1216	4.5971	1.6630	3.0927	1.5789	2.6196
1.3044	4.5986	0.1960	2.9331	3.0917	4.4247	0.0960	2.3269
2.2527	0.9364	1.0164	1.7654	1.6207	0.7782	4.3323	4.6694
1.0392	0.5957	0.7927	2.6047	2.6969	0.1852	1.4364	0.3573
4.3748	0.4975	2.6496	1.5952	4.4773	4.7712	1.1923	1.1065
1.1403	2.8640	2.7711	2.4447	2.4625	2.9671	0.3778	1.8387
0.5542	2.3918	0.4738	2.8069	3.3283	1.4902	4.5723	3.9913
4.9489	2.2684	3.9046	0.9881	2.8641	4.6973	3.5929	0.4548
0.5610	4.8826	0.0292	4.9358	0.3800	2.6788	1.5310	0.7791
4.8573	2.4501	2.7233	0.9976	0.3140	0.4944	3.4424	2.4067
2.7766	3.4615	3.8202	3.3307	0.8533	4.2940	1.1376	4.3110
4.1816	0.7842	0.7099	4.1305	3.0526	4.6145	0.1186	2.0028
0.9167	4.3119	3.7115	1.4778	4.1944	3.7407	1.4136	4.0937
4.5745	1.4196	2.9446	4.4318	3.8696	0.6679	0.4295	4.7394
4.1837	1.1623	3.8718	1.9602	4.6238	2.6920	0.2910	2.6884
0.4771	1.9860	1.4286	4.6587	2.7702	2.1385	3.7893	4.6387
2.1082	1.7623	2.8624	0.0801	4.5143	4.8941	1.2478	4.3320
4.7579	0.0481	0.2677	4.9864	1.9622	4.7973	3.3983	3.4927
4.6564	2.4934	3.6375	2.6577	3.1983	1.3891	0.9272	0.7317
3.3353	2.6511	4.8011	3.1203	4.7284	1.4254	3.8022	3.4196
4.1236	3.1358	1.7253	2.6546	2.2142	0.5788	0.2803	2.8167
2.3062	2.4409	3.2373	3.5418	4.7858	1.9277	3.1700	2.8828
3.1957	2.4916	3.1225	2.8522	4.9850	1.7600	0.5098	3.4502
3.1833	3.1491	1.4370	1.5186	0.8002	1.2381	4.6389	0.2376
0.5286	2.6635	3.4411	4.6522	0.7993	0.1665	2.3068	4.2052
3.0135	0.7452	2.5870	0.3197	3.1862	0.8243	3.8616	0.2701
2.9719	2.7520	2.0316	1.1677	0.2436	0.1541	4.0198	0.5149
0.2286	1.9141	4.5297	3.4118	0.0632	0.9667	4.9304	0.4580
0.8634	2.2048	4.5693	1.3920	4.8683	3.0104	1.0442	4.0642
0.6677	3.1768	3.3509	3.6811	3.9221	0.9380	4.0009	3.5953
1.2356	2.3448	3.6904	4.6282	3.4100	0.5639	4.9524	2.5168
0.8229	1.7531	3.9079	1.7396	1.0649	2.6194	3.2174	1.6838
0.2594	1.3601	4.6310	4.8338	2.7797	2.5756	4.2656	0.9222
1.6493	3.2434	4.6951	0.8330	4.4057	3.5669	2.7932	2.1862
4.0295	1.2590	3.0842	4.5067	3.2450	4.5128	4.1654	2.0411
1.0152	1.6513	2.9546	1.8381	3.4043	1.8625	3.5778	2.0287
4.4693	4.4819	1.7951	4.7286	0.8421	1.4261	4.5625	4.0249
3.6218	4.0017	3.8281	0.2711	2.2452	3.5232	1.1041	1.0324
1.6509	2.0901	3.8973	0.6804	3.3490	1.9815	0.1871	2.4835
1.5940	1.4942	4.3524	2.6093	3.1455	2.3071	4.4474	4.8039
1.5499	4.1696	3.0252	1.0191	3.6515	4.8203	0.7478	3.4392
4.4936	1.2465	0.3102	3.1154	0.2482	4.1383	3.3864	1.7944
2.4933	2.6615	4.4905	4.1442	4.7516	3.3878	4.8246	1.8067
3.1007	0.3693	0.0117	4.6947	1.8635	4.3641	2.3040	2.5328
0.0091	1.6712	1.7514	1.5589	0.8408	4.7766	2.5781	1.5339
4.4923	4.5969	3.3258	3.9859	0.8434	3.6361	2.1013	4.4952
1.0916	2.7744	0.4877	3.5849	0.4359	4.9782	2.7291	2.1715
0.1875	3.3660	2.5537	3.2882	3.7353	2.5654	2.9829	0.8659
0.5989	1.9295	0.2869	0.6079	3.6006	2.0383	2.1668	2.9879
4.4414	1.8150	4.7449	3.9337	1.4119	3.0707	2.9197	2.9033
2.2553	1.7068	0.0209	3.3469	4.4812	0.5086	1.9317	4.2855
4.9171	0.4869	4.6608	0.1047	3.8529	2.2145	3.3929	0.8046
2.5882	4.7799	1.3758	3.1871	1.7094	1.6627	3.7950	0.7861
0.3100	3.7010	0.9618	4.7514	0.5160	0.7067	3.6851	2.7357
1.9279	3.7774	1.6048	4.1832	0.4842	1.6257	2.5300	1.0422
4.9654	2.1343	4.4618	4.8826	2.6212	4.1226	4.9872	4.9912
1.4741	1.3371	3.3801	4.0624	1.1170	4.7559	2.2494	3.0059
2.8263	1.4185	1.0444	3.1363	0.1195	2.0063	2.8877	1.5571
0.6355	2.7130	1.5729	2.5633	1.4904	3.1776	1.7465	0.4493
1.9746	4.8034	4.2765	1.9400	1.9377	3.7383	1.8226	2.0701
4.5589	2.8609	1.8098	1.0330	4.1980	0.1899	0.0954	0.1524
0.3150	4.9458	2.3448	3.1413	1.3643	3.3893	1.2776	2.9660
1.4838	0.3955	4.1653	2.1193	3.1085	0.7382	4.6826	3.7539
4.5989	3.9159	1.4291	1.5735	3.7192	0.7057	3.5135	1.0746
0.6569	4.4439	0.3361	0.2158	2.3048	2.1459	1.2489	0.1522
1.5028	2.3359	1.3443	1.8177	2.2816	3.6891	4.9590	0.7951
3.6459	2.0784	1.2366	0.1298	2.4740	0.4020	2.2490	3.1033
0.5824	1.1402	1.9317	0.1813	0.0560	3.3608	1.7548	4.1771
3.7753	4.0665	0.2683	4.4322	3.5104	0.6044	4.6480	1.8275
0.8152	2.7503	0.8969	2.3180	0.0862	2.2412	4.1357	0.5867
2.3678	0.9303	4.0947	1.0138	3.0087	0.3314	1.1435	3.9810
0.4827	0.7333	3.3926	1.0651	1.8735	0.3243	1.2464	0.2667
1.9296	3.6851	3.0012	0.7048	2.7516	3.2695	0.1370	2.3812
1.2620	3.8739	4.7850	2.0772	1.6243	0.6819	4.3952	0.7878
1.7105	2.9231	3.5310	4.0783	3.8534	2.6257	0.0921	2.7995
